# name: debug
# type: sparse matrix
# nnz: 4546
# rows: 188
# columns: 188

1 1 0.000000000
2 1 0.000000000
3 1 0.000000000
4 1 0.000000000
5 1 0.000000000
6 1 0.000000000
181 1 0.000000000
182 1 0.000000000
183 1 0.000000000
184 1 0.000000000
185 1 0.000000000
186 1 0.000000000
187 1 0.000000000
188 1 0.000000000
1 2 0.000000000
2 2 0.000000000
3 2 0.000000000
4 2 0.000000000
5 2 0.000000000
6 2 0.000000000
181 2 0.000000000
182 2 0.000000000
183 2 0.000000000
184 2 0.000000000
185 2 0.000000000
186 2 0.000000000
187 2 0.000000000
188 2 0.000000000
1 3 0.000000000
2 3 0.000000000
3 3 0.000000000
4 3 0.000000000
5 3 0.000000000
6 3 0.000000000
181 3 0.000000000
182 3 0.000000000
183 3 0.000000000
184 3 0.000000000
185 3 0.000000000
186 3 0.000000000
187 3 0.000000000
188 3 0.000000000
1 4 0.000000000
2 4 0.000000000
3 4 0.000000000
4 4 0.000000000
5 4 0.000000000
6 4 0.000000000
7 4 0.000000000
8 4 0.000000000
9 4 0.000000000
181 4 0.000000000
182 4 0.000000000
183 4 0.000000000
184 4 0.000000000
185 4 0.000000000
186 4 0.000000000
187 4 0.000000000
188 4 0.000000000
1 5 0.000000000
2 5 0.000000000
3 5 0.000000000
4 5 0.000000000
5 5 0.000000000
6 5 0.000000000
7 5 0.000000000
8 5 0.000000000
9 5 0.000000000
181 5 0.000000000
182 5 0.000000000
183 5 0.000000000
184 5 0.000000000
185 5 0.000000000
186 5 0.000000000
187 5 0.000000000
188 5 0.000000000
1 6 0.000000000
2 6 0.000000000
3 6 0.000000000
4 6 0.000000000
5 6 0.000000000
6 6 0.000000000
7 6 0.000000000
8 6 0.000000000
9 6 0.000000000
181 6 0.000000000
182 6 0.000000000
183 6 0.000000000
184 6 0.000000000
185 6 0.000000000
186 6 0.000000000
187 6 0.000000000
188 6 0.000000000
4 7 0.000000000
5 7 0.000000000
6 7 0.000000000
7 7 0.000000000
8 7 0.000000000
9 7 0.000000000
10 7 0.000000000
11 7 0.000000000
12 7 0.000000000
181 7 0.000000000
182 7 0.000000000
183 7 0.000000000
184 7 0.000000000
185 7 0.000000000
186 7 0.000000000
187 7 0.000000000
188 7 0.000000000
4 8 0.000000000
5 8 0.000000000
6 8 0.000000000
7 8 0.000000000
8 8 0.000000000
9 8 0.000000000
10 8 0.000000000
11 8 0.000000000
12 8 0.000000000
181 8 0.000000000
182 8 0.000000000
183 8 0.000000000
184 8 0.000000000
185 8 0.000000000
186 8 0.000000000
187 8 0.000000000
188 8 0.000000000
4 9 0.000000000
5 9 0.000000000
6 9 0.000000000
7 9 0.000000000
8 9 0.000000000
9 9 0.000000000
10 9 0.000000000
11 9 0.000000000
12 9 0.000000000
181 9 0.000000000
182 9 0.000000000
183 9 0.000000000
184 9 0.000000000
185 9 0.000000000
186 9 0.000000000
187 9 0.000000000
188 9 0.000000000
7 10 0.000000000
8 10 0.000000000
9 10 0.000000000
10 10 0.000000000
11 10 0.000000000
12 10 0.000000000
13 10 0.000000000
14 10 0.000000000
15 10 0.000000000
181 10 0.000000000
182 10 0.000000000
183 10 0.000000000
184 10 0.000000000
185 10 0.000000000
186 10 0.000000000
187 10 0.000000000
188 10 0.000000000
7 11 0.000000000
8 11 0.000000000
9 11 0.000000000
10 11 0.000000000
11 11 0.000000000
12 11 0.000000000
13 11 0.000000000
14 11 0.000000000
15 11 0.000000000
181 11 0.000000000
182 11 0.000000000
183 11 0.000000000
184 11 0.000000000
185 11 0.000000000
186 11 0.000000000
187 11 0.000000000
188 11 0.000000000
7 12 0.000000000
8 12 0.000000000
9 12 0.000000000
10 12 0.000000000
11 12 0.000000000
12 12 0.000000000
13 12 0.000000000
14 12 0.000000000
15 12 0.000000000
181 12 0.000000000
182 12 0.000000000
183 12 0.000000000
184 12 0.000000000
185 12 0.000000000
186 12 0.000000000
187 12 0.000000000
188 12 0.000000000
10 13 0.000000000
11 13 0.000000000
12 13 0.000000000
13 13 0.000000000
14 13 0.000000000
15 13 0.000000000
16 13 0.000000000
17 13 0.000000000
18 13 0.000000000
181 13 0.000000000
182 13 0.000000000
183 13 0.000000000
184 13 0.000000000
185 13 0.000000000
186 13 0.000000000
187 13 0.000000000
188 13 0.000000000
10 14 0.000000000
11 14 0.000000000
12 14 0.000000000
13 14 0.000000000
14 14 0.000000000
15 14 0.000000000
16 14 0.000000000
17 14 0.000000000
18 14 0.000000000
181 14 0.000000000
182 14 0.000000000
183 14 0.000000000
184 14 0.000000000
185 14 0.000000000
186 14 0.000000000
187 14 0.000000000
188 14 0.000000000
10 15 0.000000000
11 15 0.000000000
12 15 0.000000000
13 15 0.000000000
14 15 0.000000000
15 15 0.000000000
16 15 0.000000000
17 15 0.000000000
18 15 0.000000000
181 15 0.000000000
182 15 0.000000000
183 15 0.000000000
184 15 0.000000000
185 15 0.000000000
186 15 0.000000000
187 15 0.000000000
188 15 0.000000000
13 16 0.000000000
14 16 0.000000000
15 16 0.000000000
16 16 0.000000000
17 16 0.000000000
18 16 0.000000000
19 16 0.000000000
20 16 0.000000000
21 16 0.000000000
181 16 0.000000000
182 16 0.000000000
183 16 0.000000000
184 16 0.000000000
185 16 0.000000000
186 16 0.000000000
187 16 0.000000000
188 16 0.000000000
13 17 0.000000000
14 17 0.000000000
15 17 0.000000000
16 17 0.000000000
17 17 0.000000000
18 17 0.000000000
19 17 0.000000000
20 17 0.000000000
21 17 0.000000000
181 17 0.000000000
182 17 0.000000000
183 17 0.000000000
184 17 0.000000000
185 17 0.000000000
186 17 0.000000000
187 17 0.000000000
188 17 0.000000000
13 18 0.000000000
14 18 0.000000000
15 18 0.000000000
16 18 0.000000000
17 18 0.000000000
18 18 0.000000000
19 18 0.000000000
20 18 0.000000000
21 18 0.000000000
181 18 0.000000000
182 18 0.000000000
183 18 0.000000000
184 18 0.000000000
185 18 0.000000000
186 18 0.000000000
187 18 0.000000000
188 18 0.000000000
16 19 0.000000000
17 19 0.000000000
18 19 0.000000000
19 19 0.000000000
20 19 0.000000000
21 19 0.000000000
22 19 0.000000000
23 19 0.000000000
24 19 0.000000000
181 19 0.000000000
182 19 0.000000000
183 19 0.000000000
184 19 0.000000000
185 19 0.000000000
186 19 0.000000000
187 19 0.000000000
188 19 0.000000000
16 20 0.000000000
17 20 0.000000000
18 20 0.000000000
19 20 0.000000000
20 20 0.000000000
21 20 0.000000000
22 20 0.000000000
23 20 0.000000000
24 20 0.000000000
181 20 0.000000000
182 20 0.000000000
183 20 0.000000000
184 20 0.000000000
185 20 0.000000000
186 20 0.000000000
187 20 0.000000000
188 20 0.000000000
16 21 0.000000000
17 21 0.000000000
18 21 0.000000000
19 21 0.000000000
20 21 0.000000000
21 21 0.000000000
22 21 0.000000000
23 21 0.000000000
24 21 0.000000000
181 21 0.000000000
182 21 0.000000000
183 21 0.000000000
184 21 0.000000000
185 21 0.000000000
186 21 0.000000000
187 21 0.000000000
188 21 0.000000000
19 22 0.000000000
20 22 0.000000000
21 22 0.000000000
22 22 0.000000000
23 22 0.000000000
24 22 0.000000000
25 22 0.000000000
26 22 0.000000000
27 22 0.000000000
181 22 0.000000000
182 22 0.000000000
183 22 0.000000000
184 22 0.000000000
185 22 0.000000000
186 22 0.000000000
187 22 0.000000000
188 22 0.000000000
19 23 0.000000000
20 23 0.000000000
21 23 0.000000000
22 23 0.000000000
23 23 0.000000000
24 23 0.000000000
25 23 0.000000000
26 23 0.000000000
27 23 0.000000000
181 23 0.000000000
182 23 0.000000000
183 23 0.000000000
184 23 0.000000000
185 23 0.000000000
186 23 0.000000000
187 23 0.000000000
188 23 0.000000000
19 24 0.000000000
20 24 0.000000000
21 24 0.000000000
22 24 0.000000000
23 24 0.000000000
24 24 0.000000000
25 24 0.000000000
26 24 0.000000000
27 24 0.000000000
181 24 0.000000000
182 24 0.000000000
183 24 0.000000000
184 24 0.000000000
185 24 0.000000000
186 24 0.000000000
187 24 0.000000000
188 24 0.000000000
22 25 0.000000000
23 25 0.000000000
24 25 0.000000000
25 25 0.000000000
26 25 0.000000000
27 25 0.000000000
28 25 0.000000000
29 25 0.000000000
30 25 0.000000000
181 25 0.000000000
182 25 0.000000000
183 25 0.000000000
184 25 0.000000000
185 25 0.000000000
186 25 0.000000000
187 25 0.000000000
188 25 0.000000000
22 26 0.000000000
23 26 0.000000000
24 26 0.000000000
25 26 0.000000000
26 26 0.000000000
27 26 0.000000000
28 26 0.000000000
29 26 0.000000000
30 26 0.000000000
181 26 0.000000000
182 26 0.000000000
183 26 0.000000000
184 26 0.000000000
185 26 0.000000000
186 26 0.000000000
187 26 0.000000000
188 26 0.000000000
22 27 0.000000000
23 27 0.000000000
24 27 0.000000000
25 27 0.000000000
26 27 0.000000000
27 27 0.000000000
28 27 0.000000000
29 27 0.000000000
30 27 0.000000000
181 27 0.000000000
182 27 0.000000000
183 27 0.000000000
184 27 0.000000000
185 27 0.000000000
186 27 0.000000000
187 27 0.000000000
188 27 0.000000000
25 28 0.000000000
26 28 0.000000000
27 28 0.000000000
28 28 0.000000000
29 28 0.000000000
30 28 0.000000000
31 28 0.000000000
32 28 0.000000000
33 28 0.000000000
181 28 0.000000000
182 28 0.000000000
183 28 0.000000000
184 28 0.000000000
185 28 0.000000000
186 28 0.000000000
187 28 0.000000000
188 28 0.000000000
25 29 0.000000000
26 29 0.000000000
27 29 0.000000000
28 29 0.000000000
29 29 0.000000000
30 29 0.000000000
31 29 0.000000000
32 29 0.000000000
33 29 0.000000000
181 29 0.000000000
182 29 0.000000000
183 29 0.000000000
184 29 0.000000000
185 29 0.000000000
186 29 0.000000000
187 29 0.000000000
188 29 0.000000000
25 30 0.000000000
26 30 0.000000000
27 30 0.000000000
28 30 0.000000000
29 30 0.000000000
30 30 0.000000000
31 30 0.000000000
32 30 0.000000000
33 30 0.000000000
181 30 0.000000000
182 30 0.000000000
183 30 0.000000000
184 30 0.000000000
185 30 0.000000000
186 30 0.000000000
187 30 0.000000000
188 30 0.000000000
28 31 0.000000000
29 31 0.000000000
30 31 0.000000000
31 31 0.000000000
32 31 0.000000000
33 31 0.000000000
34 31 0.000000000
35 31 0.000000000
36 31 0.000000000
181 31 0.000000000
182 31 0.000000000
183 31 0.000000000
184 31 0.000000000
185 31 0.000000000
186 31 0.000000000
187 31 0.000000000
188 31 0.000000000
28 32 0.000000000
29 32 0.000000000
30 32 0.000000000
31 32 0.000000000
32 32 0.000000000
33 32 0.000000000
34 32 0.000000000
35 32 0.000000000
36 32 0.000000000
181 32 0.000000000
182 32 0.000000000
183 32 0.000000000
184 32 0.000000000
185 32 0.000000000
186 32 0.000000000
187 32 0.000000000
188 32 0.000000000
28 33 0.000000000
29 33 0.000000000
30 33 0.000000000
31 33 0.000000000
32 33 0.000000000
33 33 0.000000000
34 33 0.000000000
35 33 0.000000000
36 33 0.000000000
181 33 0.000000000
182 33 0.000000000
183 33 0.000000000
184 33 0.000000000
185 33 0.000000000
186 33 0.000000000
187 33 0.000000000
188 33 0.000000000
31 34 0.000000000
32 34 0.000000000
33 34 0.000000000
34 34 0.000000000
35 34 0.000000000
36 34 0.000000000
37 34 0.000000000
38 34 0.000000000
39 34 0.000000000
181 34 0.000000000
182 34 0.000000000
183 34 0.000000000
184 34 0.000000000
185 34 0.000000000
186 34 0.000000000
187 34 0.000000000
188 34 0.000000000
31 35 0.000000000
32 35 0.000000000
33 35 0.000000000
34 35 0.000000000
35 35 0.000000000
36 35 0.000000000
37 35 0.000000000
38 35 0.000000000
39 35 0.000000000
181 35 0.000000000
182 35 0.000000000
183 35 0.000000000
184 35 0.000000000
185 35 0.000000000
186 35 0.000000000
187 35 0.000000000
188 35 0.000000000
31 36 0.000000000
32 36 0.000000000
33 36 0.000000000
34 36 0.000000000
35 36 0.000000000
36 36 0.000000000
37 36 0.000000000
38 36 0.000000000
39 36 0.000000000
181 36 0.000000000
182 36 0.000000000
183 36 0.000000000
184 36 0.000000000
185 36 0.000000000
186 36 0.000000000
187 36 0.000000000
188 36 0.000000000
34 37 0.000000000
35 37 0.000000000
36 37 0.000000000
37 37 0.000000000
38 37 0.000000000
39 37 0.000000000
40 37 0.000000000
41 37 0.000000000
42 37 0.000000000
181 37 0.000000000
182 37 0.000000000
183 37 0.000000000
184 37 0.000000000
185 37 0.000000000
186 37 0.000000000
187 37 0.000000000
188 37 0.000000000
34 38 0.000000000
35 38 0.000000000
36 38 0.000000000
37 38 0.000000000
38 38 0.000000000
39 38 0.000000000
40 38 0.000000000
41 38 0.000000000
42 38 0.000000000
181 38 0.000000000
182 38 0.000000000
183 38 0.000000000
184 38 0.000000000
185 38 0.000000000
186 38 0.000000000
187 38 0.000000000
188 38 0.000000000
34 39 0.000000000
35 39 0.000000000
36 39 0.000000000
37 39 0.000000000
38 39 0.000000000
39 39 0.000000000
40 39 0.000000000
41 39 0.000000000
42 39 0.000000000
181 39 0.000000000
182 39 0.000000000
183 39 0.000000000
184 39 0.000000000
185 39 0.000000000
186 39 0.000000000
187 39 0.000000000
188 39 0.000000000
37 40 0.000000000
38 40 0.000000000
39 40 0.000000000
40 40 0.000000000
41 40 0.000000000
42 40 0.000000000
43 40 0.000000000
44 40 0.000000000
45 40 0.000000000
181 40 0.000000000
182 40 0.000000000
183 40 0.000000000
184 40 0.000000000
185 40 0.000000000
186 40 0.000000000
187 40 0.000000000
188 40 0.000000000
37 41 0.000000000
38 41 0.000000000
39 41 0.000000000
40 41 0.000000000
41 41 0.000000000
42 41 0.000000000
43 41 0.000000000
44 41 0.000000000
45 41 0.000000000
181 41 0.000000000
182 41 0.000000000
183 41 0.000000000
184 41 0.000000000
185 41 0.000000000
186 41 0.000000000
187 41 0.000000000
188 41 0.000000000
37 42 0.000000000
38 42 0.000000000
39 42 0.000000000
40 42 0.000000000
41 42 0.000000000
42 42 0.000000000
43 42 0.000000000
44 42 0.000000000
45 42 0.000000000
181 42 0.000000000
182 42 0.000000000
183 42 0.000000000
184 42 0.000000000
185 42 0.000000000
186 42 0.000000000
187 42 0.000000000
188 42 0.000000000
40 43 0.000000000
41 43 0.000000000
42 43 0.000000000
43 43 0.000000000
44 43 0.000000000
45 43 0.000000000
46 43 0.000000000
47 43 0.000000000
48 43 0.000000000
181 43 0.000000000
182 43 0.000000000
183 43 0.000000000
184 43 0.000000000
185 43 0.000000000
186 43 0.000000000
187 43 0.000000000
188 43 0.000000000
40 44 0.000000000
41 44 0.000000000
42 44 0.000000000
43 44 0.000000000
44 44 0.000000000
45 44 0.000000000
46 44 0.000000000
47 44 0.000000000
48 44 0.000000000
181 44 0.000000000
182 44 0.000000000
183 44 0.000000000
184 44 0.000000000
185 44 0.000000000
186 44 0.000000000
187 44 0.000000000
188 44 0.000000000
40 45 0.000000000
41 45 0.000000000
42 45 0.000000000
43 45 0.000000000
44 45 0.000000000
45 45 0.000000000
46 45 0.000000000
47 45 0.000000000
48 45 0.000000000
181 45 0.000000000
182 45 0.000000000
183 45 0.000000000
184 45 0.000000000
185 45 0.000000000
186 45 0.000000000
187 45 0.000000000
188 45 0.000000000
43 46 0.000000000
44 46 0.000000000
45 46 0.000000000
46 46 0.000000000
47 46 0.000000000
48 46 0.000000000
49 46 0.000000000
50 46 0.000000000
51 46 0.000000000
181 46 0.000000000
182 46 0.000000000
183 46 0.000000000
184 46 0.000000000
185 46 0.000000000
186 46 0.000000000
187 46 0.000000000
188 46 0.000000000
43 47 0.000000000
44 47 0.000000000
45 47 0.000000000
46 47 0.000000000
47 47 0.000000000
48 47 0.000000000
49 47 0.000000000
50 47 0.000000000
51 47 0.000000000
181 47 0.000000000
182 47 0.000000000
183 47 0.000000000
184 47 0.000000000
185 47 0.000000000
186 47 0.000000000
187 47 0.000000000
188 47 0.000000000
43 48 0.000000000
44 48 0.000000000
45 48 0.000000000
46 48 0.000000000
47 48 0.000000000
48 48 0.000000000
49 48 0.000000000
50 48 0.000000000
51 48 0.000000000
181 48 0.000000000
182 48 0.000000000
183 48 0.000000000
184 48 0.000000000
185 48 0.000000000
186 48 0.000000000
187 48 0.000000000
188 48 0.000000000
46 49 0.000000000
47 49 0.000000000
48 49 0.000000000
49 49 0.000000000
50 49 0.000000000
51 49 0.000000000
52 49 0.000000000
53 49 0.000000000
54 49 0.000000000
181 49 0.000000000
182 49 0.000000000
183 49 0.000000000
184 49 0.000000000
185 49 0.000000000
186 49 0.000000000
187 49 0.000000000
188 49 0.000000000
46 50 0.000000000
47 50 0.000000000
48 50 0.000000000
49 50 0.000000000
50 50 0.000000000
51 50 0.000000000
52 50 0.000000000
53 50 0.000000000
54 50 0.000000000
181 50 0.000000000
182 50 0.000000000
183 50 0.000000000
184 50 0.000000000
185 50 0.000000000
186 50 0.000000000
187 50 0.000000000
188 50 0.000000000
46 51 0.000000000
47 51 0.000000000
48 51 0.000000000
49 51 0.000000000
50 51 0.000000000
51 51 0.000000000
52 51 0.000000000
53 51 0.000000000
54 51 0.000000000
181 51 0.000000000
182 51 0.000000000
183 51 0.000000000
184 51 0.000000000
185 51 0.000000000
186 51 0.000000000
187 51 0.000000000
188 51 0.000000000
49 52 0.000000000
50 52 0.000000000
51 52 0.000000000
52 52 0.000000000
53 52 0.000000000
54 52 0.000000000
55 52 0.000000000
56 52 0.000000000
57 52 0.000000000
181 52 0.000000000
182 52 0.000000000
183 52 0.000000000
184 52 0.000000000
185 52 0.000000000
186 52 0.000000000
187 52 0.000000000
188 52 0.000000000
49 53 0.000000000
50 53 0.000000000
51 53 0.000000000
52 53 0.000000000
53 53 0.000000000
54 53 0.000000000
55 53 0.000000000
56 53 0.000000000
57 53 0.000000000
181 53 0.000000000
182 53 0.000000000
183 53 0.000000000
184 53 0.000000000
185 53 0.000000000
186 53 0.000000000
187 53 0.000000000
188 53 0.000000000
49 54 0.000000000
50 54 0.000000000
51 54 0.000000000
52 54 0.000000000
53 54 0.000000000
54 54 0.000000000
55 54 0.000000000
56 54 0.000000000
57 54 0.000000000
181 54 0.000000000
182 54 0.000000000
183 54 0.000000000
184 54 0.000000000
185 54 0.000000000
186 54 0.000000000
187 54 0.000000000
188 54 0.000000000
52 55 0.000000000
53 55 0.000000000
54 55 0.000000000
55 55 0.000000000
56 55 0.000000000
57 55 0.000000000
58 55 0.000000000
59 55 0.000000000
60 55 0.000000000
181 55 0.000000000
182 55 0.000000000
183 55 0.000000000
184 55 0.000000000
185 55 0.000000000
186 55 0.000000000
187 55 0.000000000
188 55 0.000000000
52 56 0.000000000
53 56 0.000000000
54 56 0.000000000
55 56 0.000000000
56 56 0.000000000
57 56 0.000000000
58 56 0.000000000
59 56 0.000000000
60 56 0.000000000
181 56 0.000000000
182 56 0.000000000
183 56 0.000000000
184 56 0.000000000
185 56 0.000000000
186 56 0.000000000
187 56 0.000000000
188 56 0.000000000
52 57 0.000000000
53 57 0.000000000
54 57 0.000000000
55 57 0.000000000
56 57 0.000000000
57 57 0.000000000
58 57 0.000000000
59 57 0.000000000
60 57 0.000000000
181 57 0.000000000
182 57 0.000000000
183 57 0.000000000
184 57 0.000000000
185 57 0.000000000
186 57 0.000000000
187 57 0.000000000
188 57 0.000000000
55 58 0.000000000
56 58 0.000000000
57 58 0.000000000
58 58 0.000000000
59 58 0.000000000
60 58 0.000000000
61 58 0.000000000
62 58 0.000000000
63 58 0.000000000
181 58 0.000000000
182 58 0.000000000
183 58 0.000000000
184 58 0.000000000
185 58 0.000000000
186 58 0.000000000
187 58 0.000000000
188 58 0.000000000
55 59 0.000000000
56 59 0.000000000
57 59 0.000000000
58 59 0.000000000
59 59 0.000000000
60 59 0.000000000
61 59 0.000000000
62 59 0.000000000
63 59 0.000000000
181 59 0.000000000
182 59 0.000000000
183 59 0.000000000
184 59 0.000000000
185 59 0.000000000
186 59 0.000000000
187 59 0.000000000
188 59 0.000000000
55 60 0.000000000
56 60 0.000000000
57 60 0.000000000
58 60 0.000000000
59 60 0.000000000
60 60 0.000000000
61 60 0.000000000
62 60 0.000000000
63 60 0.000000000
181 60 0.000000000
182 60 0.000000000
183 60 0.000000000
184 60 0.000000000
185 60 0.000000000
186 60 0.000000000
187 60 0.000000000
188 60 0.000000000
58 61 0.000000000
59 61 0.000000000
60 61 0.000000000
61 61 0.000000000
62 61 0.000000000
63 61 0.000000000
64 61 0.000000000
65 61 0.000000000
66 61 0.000000000
181 61 0.000000000
182 61 0.000000000
183 61 0.000000000
184 61 0.000000000
185 61 0.000000000
186 61 0.000000000
187 61 0.000000000
188 61 0.000000000
58 62 0.000000000
59 62 0.000000000
60 62 0.000000000
61 62 0.000000000
62 62 0.000000000
63 62 0.000000000
64 62 0.000000000
65 62 0.000000000
66 62 0.000000000
181 62 0.000000000
182 62 0.000000000
183 62 0.000000000
184 62 0.000000000
185 62 0.000000000
186 62 0.000000000
187 62 0.000000000
188 62 0.000000000
58 63 0.000000000
59 63 0.000000000
60 63 0.000000000
61 63 0.000000000
62 63 0.000000000
63 63 0.000000000
64 63 0.000000000
65 63 0.000000000
66 63 0.000000000
181 63 0.000000000
182 63 0.000000000
183 63 0.000000000
184 63 0.000000000
185 63 0.000000000
186 63 0.000000000
187 63 0.000000000
188 63 0.000000000
61 64 0.000000000
62 64 0.000000000
63 64 0.000000000
64 64 0.000000000
65 64 0.000000000
66 64 0.000000000
67 64 0.000000000
68 64 0.000000000
69 64 0.000000000
181 64 0.000000000
182 64 0.000000000
183 64 0.000000000
184 64 0.000000000
185 64 0.000000000
186 64 0.000000000
187 64 0.000000000
188 64 0.000000000
61 65 0.000000000
62 65 0.000000000
63 65 0.000000000
64 65 0.000000000
65 65 0.000000000
66 65 0.000000000
67 65 0.000000000
68 65 0.000000000
69 65 0.000000000
181 65 0.000000000
182 65 0.000000000
183 65 0.000000000
184 65 0.000000000
185 65 0.000000000
186 65 0.000000000
187 65 0.000000000
188 65 0.000000000
61 66 0.000000000
62 66 0.000000000
63 66 0.000000000
64 66 0.000000000
65 66 0.000000000
66 66 0.000000000
67 66 0.000000000
68 66 0.000000000
69 66 0.000000000
181 66 0.000000000
182 66 0.000000000
183 66 0.000000000
184 66 0.000000000
185 66 0.000000000
186 66 0.000000000
187 66 0.000000000
188 66 0.000000000
64 67 0.000000000
65 67 0.000000000
66 67 0.000000000
67 67 0.000000000
68 67 0.000000000
69 67 0.000000000
70 67 0.000000000
71 67 0.000000000
72 67 0.000000000
181 67 0.000000000
182 67 0.000000000
183 67 0.000000000
184 67 0.000000000
185 67 0.000000000
186 67 0.000000000
187 67 0.000000000
188 67 0.000000000
64 68 0.000000000
65 68 0.000000000
66 68 0.000000000
67 68 0.000000000
68 68 0.000000000
69 68 0.000000000
70 68 0.000000000
71 68 0.000000000
72 68 0.000000000
181 68 0.000000000
182 68 0.000000000
183 68 0.000000000
184 68 0.000000000
185 68 0.000000000
186 68 0.000000000
187 68 0.000000000
188 68 0.000000000
64 69 0.000000000
65 69 0.000000000
66 69 0.000000000
67 69 0.000000000
68 69 0.000000000
69 69 0.000000000
70 69 0.000000000
71 69 0.000000000
72 69 0.000000000
181 69 0.000000000
182 69 0.000000000
183 69 0.000000000
184 69 0.000000000
185 69 0.000000000
186 69 0.000000000
187 69 0.000000000
188 69 0.000000000
67 70 0.000000000
68 70 0.000000000
69 70 0.000000000
70 70 0.000000000
71 70 0.000000000
72 70 0.000000000
73 70 0.000000000
74 70 0.000000000
75 70 0.000000000
181 70 0.000000000
182 70 0.000000000
183 70 0.000000000
184 70 0.000000000
185 70 0.000000000
186 70 0.000000000
187 70 0.000000000
188 70 0.000000000
67 71 0.000000000
68 71 0.000000000
69 71 0.000000000
70 71 0.000000000
71 71 0.000000000
72 71 0.000000000
73 71 0.000000000
74 71 0.000000000
75 71 0.000000000
181 71 0.000000000
182 71 0.000000000
183 71 0.000000000
184 71 0.000000000
185 71 0.000000000
186 71 0.000000000
187 71 0.000000000
188 71 0.000000000
67 72 0.000000000
68 72 0.000000000
69 72 0.000000000
70 72 0.000000000
71 72 0.000000000
72 72 0.000000000
73 72 0.000000000
74 72 0.000000000
75 72 0.000000000
181 72 0.000000000
182 72 0.000000000
183 72 0.000000000
184 72 0.000000000
185 72 0.000000000
186 72 0.000000000
187 72 0.000000000
188 72 0.000000000
70 73 0.000000000
71 73 0.000000000
72 73 0.000000000
73 73 0.000000000
74 73 0.000000000
75 73 0.000000000
76 73 0.000000000
77 73 0.000000000
78 73 0.000000000
181 73 0.000000000
182 73 0.000000000
183 73 0.000000000
184 73 0.000000000
185 73 0.000000000
186 73 0.000000000
187 73 0.000000000
188 73 0.000000000
70 74 0.000000000
71 74 0.000000000
72 74 0.000000000
73 74 0.000000000
74 74 0.000000000
75 74 0.000000000
76 74 0.000000000
77 74 0.000000000
78 74 0.000000000
181 74 0.000000000
182 74 0.000000000
183 74 0.000000000
184 74 0.000000000
185 74 0.000000000
186 74 0.000000000
187 74 0.000000000
188 74 0.000000000
70 75 0.000000000
71 75 0.000000000
72 75 0.000000000
73 75 0.000000000
74 75 0.000000000
75 75 0.000000000
76 75 0.000000000
77 75 0.000000000
78 75 0.000000000
181 75 0.000000000
182 75 0.000000000
183 75 0.000000000
184 75 0.000000000
185 75 0.000000000
186 75 0.000000000
187 75 0.000000000
188 75 0.000000000
73 76 0.000000000
74 76 0.000000000
75 76 0.000000000
76 76 0.000000000
77 76 0.000000000
78 76 0.000000000
79 76 0.000000000
80 76 0.000000000
81 76 0.000000000
181 76 0.000000000
182 76 0.000000000
183 76 0.000000000
184 76 0.000000000
185 76 0.000000000
186 76 0.000000000
187 76 0.000000000
188 76 0.000000000
73 77 0.000000000
74 77 0.000000000
75 77 0.000000000
76 77 0.000000000
77 77 0.000000000
78 77 0.000000000
79 77 0.000000000
80 77 0.000000000
81 77 0.000000000
181 77 0.000000000
182 77 0.000000000
183 77 0.000000000
184 77 0.000000000
185 77 0.000000000
186 77 0.000000000
187 77 0.000000000
188 77 0.000000000
73 78 0.000000000
74 78 0.000000000
75 78 0.000000000
76 78 0.000000000
77 78 0.000000000
78 78 0.000000000
79 78 0.000000000
80 78 0.000000000
81 78 0.000000000
181 78 0.000000000
182 78 0.000000000
183 78 0.000000000
184 78 0.000000000
185 78 0.000000000
186 78 0.000000000
187 78 0.000000000
188 78 0.000000000
76 79 0.000000000
77 79 0.000000000
78 79 0.000000000
79 79 0.000000000
80 79 0.000000000
81 79 0.000000000
82 79 0.000000000
83 79 0.000000000
84 79 0.000000000
181 79 0.000000000
182 79 0.000000000
183 79 0.000000000
184 79 0.000000000
185 79 0.000000000
186 79 0.000000000
187 79 0.000000000
188 79 0.000000000
76 80 0.000000000
77 80 0.000000000
78 80 0.000000000
79 80 0.000000000
80 80 0.000000000
81 80 0.000000000
82 80 0.000000000
83 80 0.000000000
84 80 0.000000000
181 80 0.000000000
182 80 0.000000000
183 80 0.000000000
184 80 0.000000000
185 80 0.000000000
186 80 0.000000000
187 80 0.000000000
188 80 0.000000000
76 81 0.000000000
77 81 0.000000000
78 81 0.000000000
79 81 0.000000000
80 81 0.000000000
81 81 0.000000000
82 81 0.000000000
83 81 0.000000000
84 81 0.000000000
181 81 0.000000000
182 81 0.000000000
183 81 0.000000000
184 81 0.000000000
185 81 0.000000000
186 81 0.000000000
187 81 0.000000000
188 81 0.000000000
79 82 0.000000000
80 82 0.000000000
81 82 0.000000000
82 82 0.000000000
83 82 0.000000000
84 82 0.000000000
85 82 0.000000000
86 82 0.000000000
87 82 0.000000000
181 82 0.000000000
182 82 0.000000000
183 82 0.000000000
184 82 0.000000000
185 82 0.000000000
186 82 0.000000000
187 82 0.000000000
188 82 0.000000000
79 83 0.000000000
80 83 0.000000000
81 83 0.000000000
82 83 0.000000000
83 83 0.000000000
84 83 0.000000000
85 83 0.000000000
86 83 0.000000000
87 83 0.000000000
181 83 0.000000000
182 83 0.000000000
183 83 0.000000000
184 83 0.000000000
185 83 0.000000000
186 83 0.000000000
187 83 0.000000000
188 83 0.000000000
79 84 0.000000000
80 84 0.000000000
81 84 0.000000000
82 84 0.000000000
83 84 0.000000000
84 84 0.000000000
85 84 0.000000000
86 84 0.000000000
87 84 0.000000000
181 84 0.000000000
182 84 0.000000000
183 84 0.000000000
184 84 0.000000000
185 84 0.000000000
186 84 0.000000000
187 84 0.000000000
188 84 0.000000000
82 85 0.000000000
83 85 0.000000000
84 85 0.000000000
85 85 0.000000000
86 85 0.000000000
87 85 0.000000000
88 85 0.000000000
89 85 0.000000000
90 85 0.000000000
181 85 0.000000000
182 85 0.000000000
183 85 0.000000000
184 85 0.000000000
185 85 0.000000000
186 85 0.000000000
187 85 0.000000000
188 85 0.000000000
82 86 0.000000000
83 86 0.000000000
84 86 0.000000000
85 86 0.000000000
86 86 0.000000000
87 86 0.000000000
88 86 0.000000000
89 86 0.000000000
90 86 0.000000000
181 86 0.000000000
182 86 0.000000000
183 86 0.000000000
184 86 0.000000000
185 86 0.000000000
186 86 0.000000000
187 86 0.000000000
188 86 0.000000000
82 87 0.000000000
83 87 0.000000000
84 87 0.000000000
85 87 0.000000000
86 87 0.000000000
87 87 0.000000000
88 87 0.000000000
89 87 0.000000000
90 87 0.000000000
181 87 0.000000000
182 87 0.000000000
183 87 0.000000000
184 87 0.000000000
185 87 0.000000000
186 87 0.000000000
187 87 0.000000000
188 87 0.000000000
85 88 0.000000000
86 88 0.000000000
87 88 0.000000000
88 88 0.000000000
89 88 0.000000000
90 88 0.000000000
91 88 0.000000000
92 88 0.000000000
93 88 0.000000000
181 88 0.000000000
182 88 0.000000000
183 88 0.000000000
184 88 0.000000000
185 88 0.000000000
186 88 0.000000000
187 88 0.000000000
188 88 0.000000000
85 89 0.000000000
86 89 0.000000000
87 89 0.000000000
88 89 0.000000000
89 89 0.000000000
90 89 0.000000000
91 89 0.000000000
92 89 0.000000000
93 89 0.000000000
181 89 0.000000000
182 89 0.000000000
183 89 0.000000000
184 89 0.000000000
185 89 0.000000000
186 89 0.000000000
187 89 0.000000000
188 89 0.000000000
85 90 0.000000000
86 90 0.000000000
87 90 0.000000000
88 90 0.000000000
89 90 0.000000000
90 90 0.000000000
91 90 0.000000000
92 90 0.000000000
93 90 0.000000000
181 90 0.000000000
182 90 0.000000000
183 90 0.000000000
184 90 0.000000000
185 90 0.000000000
186 90 0.000000000
187 90 0.000000000
188 90 0.000000000
88 91 0.000000000
89 91 0.000000000
90 91 0.000000000
91 91 0.000000000
92 91 0.000000000
93 91 0.000000000
94 91 0.000000000
95 91 0.000000000
96 91 0.000000000
181 91 0.000000000
182 91 0.000000000
183 91 0.000000000
184 91 0.000000000
185 91 0.000000000
186 91 0.000000000
187 91 0.000000000
188 91 0.000000000
88 92 0.000000000
89 92 0.000000000
90 92 0.000000000
91 92 0.000000000
92 92 0.000000000
93 92 0.000000000
94 92 0.000000000
95 92 0.000000000
96 92 0.000000000
181 92 0.000000000
182 92 0.000000000
183 92 0.000000000
184 92 0.000000000
185 92 0.000000000
186 92 0.000000000
187 92 0.000000000
188 92 0.000000000
88 93 0.000000000
89 93 0.000000000
90 93 0.000000000
91 93 0.000000000
92 93 0.000000000
93 93 0.000000000
94 93 0.000000000
95 93 0.000000000
96 93 0.000000000
181 93 0.000000000
182 93 0.000000000
183 93 0.000000000
184 93 0.000000000
185 93 0.000000000
186 93 0.000000000
187 93 0.000000000
188 93 0.000000000
91 94 0.000000000
92 94 0.000000000
93 94 0.000000000
94 94 0.000000000
95 94 0.000000000
96 94 0.000000000
97 94 0.000000000
98 94 0.000000000
99 94 0.000000000
181 94 0.000000000
182 94 0.000000000
183 94 0.000000000
184 94 0.000000000
185 94 0.000000000
186 94 0.000000000
187 94 0.000000000
188 94 0.000000000
91 95 0.000000000
92 95 0.000000000
93 95 0.000000000
94 95 0.000000000
95 95 0.000000000
96 95 0.000000000
97 95 0.000000000
98 95 0.000000000
99 95 0.000000000
181 95 0.000000000
182 95 0.000000000
183 95 0.000000000
184 95 0.000000000
185 95 0.000000000
186 95 0.000000000
187 95 0.000000000
188 95 0.000000000
91 96 0.000000000
92 96 0.000000000
93 96 0.000000000
94 96 0.000000000
95 96 0.000000000
96 96 0.000000000
97 96 0.000000000
98 96 0.000000000
99 96 0.000000000
181 96 0.000000000
182 96 0.000000000
183 96 0.000000000
184 96 0.000000000
185 96 0.000000000
186 96 0.000000000
187 96 0.000000000
188 96 0.000000000
94 97 0.000000000
95 97 0.000000000
96 97 0.000000000
97 97 0.000000000
98 97 0.000000000
99 97 0.000000000
100 97 0.000000000
101 97 0.000000000
102 97 0.000000000
181 97 0.000000000
182 97 0.000000000
183 97 0.000000000
184 97 0.000000000
185 97 0.000000000
186 97 0.000000000
187 97 0.000000000
188 97 0.000000000
94 98 0.000000000
95 98 0.000000000
96 98 0.000000000
97 98 0.000000000
98 98 0.000000000
99 98 0.000000000
100 98 0.000000000
101 98 0.000000000
102 98 0.000000000
181 98 0.000000000
182 98 0.000000000
183 98 0.000000000
184 98 0.000000000
185 98 0.000000000
186 98 0.000000000
187 98 0.000000000
188 98 0.000000000
94 99 0.000000000
95 99 0.000000000
96 99 0.000000000
97 99 0.000000000
98 99 0.000000000
99 99 0.000000000
100 99 0.000000000
101 99 0.000000000
102 99 0.000000000
181 99 0.000000000
182 99 0.000000000
183 99 0.000000000
184 99 0.000000000
185 99 0.000000000
186 99 0.000000000
187 99 0.000000000
188 99 0.000000000
97 100 0.000000000
98 100 0.000000000
99 100 0.000000000
100 100 0.000000000
101 100 0.000000000
102 100 0.000000000
103 100 0.000000000
104 100 0.000000000
105 100 0.000000000
181 100 0.000000000
182 100 0.000000000
183 100 0.000000000
184 100 0.000000000
185 100 0.000000000
186 100 0.000000000
187 100 0.000000000
188 100 0.000000000
97 101 0.000000000
98 101 0.000000000
99 101 0.000000000
100 101 0.000000000
101 101 0.000000000
102 101 0.000000000
103 101 0.000000000
104 101 0.000000000
105 101 0.000000000
181 101 0.000000000
182 101 0.000000000
183 101 0.000000000
184 101 0.000000000
185 101 0.000000000
186 101 0.000000000
187 101 0.000000000
188 101 0.000000000
97 102 0.000000000
98 102 0.000000000
99 102 0.000000000
100 102 0.000000000
101 102 0.000000000
102 102 0.000000000
103 102 0.000000000
104 102 0.000000000
105 102 0.000000000
181 102 0.000000000
182 102 0.000000000
183 102 0.000000000
184 102 0.000000000
185 102 0.000000000
186 102 0.000000000
187 102 0.000000000
188 102 0.000000000
100 103 0.000000000
101 103 0.000000000
102 103 0.000000000
103 103 0.000000000
104 103 0.000000000
105 103 0.000000000
106 103 0.000000000
107 103 0.000000000
108 103 0.000000000
181 103 0.000000000
182 103 0.000000000
183 103 0.000000000
184 103 0.000000000
185 103 0.000000000
186 103 0.000000000
187 103 0.000000000
188 103 0.000000000
100 104 0.000000000
101 104 0.000000000
102 104 0.000000000
103 104 0.000000000
104 104 0.000000000
105 104 0.000000000
106 104 0.000000000
107 104 0.000000000
108 104 0.000000000
181 104 0.000000000
182 104 0.000000000
183 104 0.000000000
184 104 0.000000000
185 104 0.000000000
186 104 0.000000000
187 104 0.000000000
188 104 0.000000000
100 105 0.000000000
101 105 0.000000000
102 105 0.000000000
103 105 0.000000000
104 105 0.000000000
105 105 0.000000000
106 105 0.000000000
107 105 0.000000000
108 105 0.000000000
181 105 0.000000000
182 105 0.000000000
183 105 0.000000000
184 105 0.000000000
185 105 0.000000000
186 105 0.000000000
187 105 0.000000000
188 105 0.000000000
103 106 0.000000000
104 106 0.000000000
105 106 0.000000000
106 106 0.000000000
107 106 0.000000000
108 106 0.000000000
109 106 0.000000000
110 106 0.000000000
111 106 0.000000000
181 106 0.000000000
182 106 0.000000000
183 106 0.000000000
184 106 0.000000000
185 106 0.000000000
186 106 0.000000000
187 106 0.000000000
188 106 0.000000000
103 107 0.000000000
104 107 0.000000000
105 107 0.000000000
106 107 0.000000000
107 107 0.000000000
108 107 0.000000000
109 107 0.000000000
110 107 0.000000000
111 107 0.000000000
181 107 0.000000000
182 107 0.000000000
183 107 0.000000000
184 107 0.000000000
185 107 0.000000000
186 107 0.000000000
187 107 0.000000000
188 107 0.000000000
103 108 0.000000000
104 108 0.000000000
105 108 0.000000000
106 108 0.000000000
107 108 0.000000000
108 108 0.000000000
109 108 0.000000000
110 108 0.000000000
111 108 0.000000000
181 108 0.000000000
182 108 0.000000000
183 108 0.000000000
184 108 0.000000000
185 108 0.000000000
186 108 0.000000000
187 108 0.000000000
188 108 0.000000000
106 109 0.000000000
107 109 0.000000000
108 109 0.000000000
109 109 0.000000000
110 109 0.000000000
111 109 0.000000000
112 109 0.000000000
113 109 0.000000000
114 109 0.000000000
181 109 0.000000000
182 109 0.000000000
183 109 0.000000000
184 109 0.000000000
185 109 0.000000000
186 109 0.000000000
187 109 0.000000000
188 109 0.000000000
106 110 0.000000000
107 110 0.000000000
108 110 0.000000000
109 110 0.000000000
110 110 0.000000000
111 110 0.000000000
112 110 0.000000000
113 110 0.000000000
114 110 0.000000000
181 110 0.000000000
182 110 0.000000000
183 110 0.000000000
184 110 0.000000000
185 110 0.000000000
186 110 0.000000000
187 110 0.000000000
188 110 0.000000000
106 111 0.000000000
107 111 0.000000000
108 111 0.000000000
109 111 0.000000000
110 111 0.000000000
111 111 0.000000000
112 111 0.000000000
113 111 0.000000000
114 111 0.000000000
181 111 0.000000000
182 111 0.000000000
183 111 0.000000000
184 111 0.000000000
185 111 0.000000000
186 111 0.000000000
187 111 0.000000000
188 111 0.000000000
109 112 0.000000000
110 112 0.000000000
111 112 0.000000000
112 112 0.000000000
113 112 0.000000000
114 112 0.000000000
115 112 0.000000000
116 112 0.000000000
117 112 0.000000000
181 112 0.000000000
182 112 0.000000000
183 112 0.000000000
184 112 0.000000000
185 112 0.000000000
186 112 0.000000000
187 112 0.000000000
188 112 0.000000000
109 113 0.000000000
110 113 0.000000000
111 113 0.000000000
112 113 0.000000000
113 113 0.000000000
114 113 0.000000000
115 113 0.000000000
116 113 0.000000000
117 113 0.000000000
181 113 0.000000000
182 113 0.000000000
183 113 0.000000000
184 113 0.000000000
185 113 0.000000000
186 113 0.000000000
187 113 0.000000000
188 113 0.000000000
109 114 0.000000000
110 114 0.000000000
111 114 0.000000000
112 114 0.000000000
113 114 0.000000000
114 114 0.000000000
115 114 0.000000000
116 114 0.000000000
117 114 0.000000000
181 114 0.000000000
182 114 0.000000000
183 114 0.000000000
184 114 0.000000000
185 114 0.000000000
186 114 0.000000000
187 114 0.000000000
188 114 0.000000000
112 115 0.000000000
113 115 0.000000000
114 115 0.000000000
115 115 0.000000000
116 115 0.000000000
117 115 0.000000000
118 115 0.000000000
119 115 0.000000000
120 115 0.000000000
181 115 0.000000000
182 115 0.000000000
183 115 0.000000000
184 115 0.000000000
185 115 0.000000000
186 115 0.000000000
187 115 0.000000000
188 115 0.000000000
112 116 0.000000000
113 116 0.000000000
114 116 0.000000000
115 116 0.000000000
116 116 0.000000000
117 116 0.000000000
118 116 0.000000000
119 116 0.000000000
120 116 0.000000000
181 116 0.000000000
182 116 0.000000000
183 116 0.000000000
184 116 0.000000000
185 116 0.000000000
186 116 0.000000000
187 116 0.000000000
188 116 0.000000000
112 117 0.000000000
113 117 0.000000000
114 117 0.000000000
115 117 0.000000000
116 117 0.000000000
117 117 0.000000000
118 117 0.000000000
119 117 0.000000000
120 117 0.000000000
181 117 0.000000000
182 117 0.000000000
183 117 0.000000000
184 117 0.000000000
185 117 0.000000000
186 117 0.000000000
187 117 0.000000000
188 117 0.000000000
115 118 0.000000000
116 118 0.000000000
117 118 0.000000000
118 118 0.000000000
119 118 0.000000000
120 118 0.000000000
121 118 0.000000000
122 118 0.000000000
123 118 0.000000000
181 118 0.000000000
182 118 0.000000000
183 118 0.000000000
184 118 0.000000000
185 118 0.000000000
186 118 0.000000000
187 118 0.000000000
188 118 0.000000000
115 119 0.000000000
116 119 0.000000000
117 119 0.000000000
118 119 0.000000000
119 119 0.000000000
120 119 0.000000000
121 119 0.000000000
122 119 0.000000000
123 119 0.000000000
181 119 0.000000000
182 119 0.000000000
183 119 0.000000000
184 119 0.000000000
185 119 0.000000000
186 119 0.000000000
187 119 0.000000000
188 119 0.000000000
115 120 0.000000000
116 120 0.000000000
117 120 0.000000000
118 120 0.000000000
119 120 0.000000000
120 120 0.000000000
121 120 0.000000000
122 120 0.000000000
123 120 0.000000000
181 120 0.000000000
182 120 0.000000000
183 120 0.000000000
184 120 0.000000000
185 120 0.000000000
186 120 0.000000000
187 120 0.000000000
188 120 0.000000000
118 121 0.000000000
119 121 0.000000000
120 121 0.000000000
121 121 0.000000000
122 121 0.000000000
123 121 0.000000000
124 121 0.000000000
125 121 0.000000000
126 121 0.000000000
181 121 0.000000000
182 121 0.000000000
183 121 0.000000000
184 121 0.000000000
185 121 0.000000000
186 121 0.000000000
187 121 0.000000000
188 121 0.000000000
118 122 0.000000000
119 122 0.000000000
120 122 0.000000000
121 122 0.000000000
122 122 0.000000000
123 122 0.000000000
124 122 0.000000000
125 122 0.000000000
126 122 0.000000000
181 122 0.000000000
182 122 0.000000000
183 122 0.000000000
184 122 0.000000000
185 122 0.000000000
186 122 0.000000000
187 122 0.000000000
188 122 0.000000000
118 123 0.000000000
119 123 0.000000000
120 123 0.000000000
121 123 0.000000000
122 123 0.000000000
123 123 0.000000000
124 123 0.000000000
125 123 0.000000000
126 123 0.000000000
181 123 0.000000000
182 123 0.000000000
183 123 0.000000000
184 123 0.000000000
185 123 0.000000000
186 123 0.000000000
187 123 0.000000000
188 123 0.000000000
121 124 0.000000000
122 124 0.000000000
123 124 0.000000000
124 124 0.000000000
125 124 0.000000000
126 124 0.000000000
127 124 0.000000000
128 124 0.000000000
129 124 0.000000000
181 124 0.000000000
182 124 0.000000000
183 124 0.000000000
184 124 0.000000000
185 124 0.000000000
186 124 0.000000000
187 124 0.000000000
188 124 0.000000000
121 125 0.000000000
122 125 0.000000000
123 125 0.000000000
124 125 0.000000000
125 125 0.000000000
126 125 0.000000000
127 125 0.000000000
128 125 0.000000000
129 125 0.000000000
181 125 0.000000000
182 125 0.000000000
183 125 0.000000000
184 125 0.000000000
185 125 0.000000000
186 125 0.000000000
187 125 0.000000000
188 125 0.000000000
121 126 0.000000000
122 126 0.000000000
123 126 0.000000000
124 126 0.000000000
125 126 0.000000000
126 126 0.000000000
127 126 0.000000000
128 126 0.000000000
129 126 0.000000000
181 126 0.000000000
182 126 0.000000000
183 126 0.000000000
184 126 0.000000000
185 126 0.000000000
186 126 0.000000000
187 126 0.000000000
188 126 0.000000000
124 127 0.000000000
125 127 0.000000000
126 127 0.000000000
127 127 0.000000000
128 127 0.000000000
129 127 0.000000000
130 127 0.000000000
131 127 0.000000000
132 127 0.000000000
181 127 0.000000000
182 127 0.000000000
183 127 0.000000000
184 127 0.000000000
185 127 0.000000000
186 127 0.000000000
187 127 0.000000000
188 127 0.000000000
124 128 0.000000000
125 128 0.000000000
126 128 0.000000000
127 128 0.000000000
128 128 0.000000000
129 128 0.000000000
130 128 0.000000000
131 128 0.000000000
132 128 0.000000000
181 128 0.000000000
182 128 0.000000000
183 128 0.000000000
184 128 0.000000000
185 128 0.000000000
186 128 0.000000000
187 128 0.000000000
188 128 0.000000000
124 129 0.000000000
125 129 0.000000000
126 129 0.000000000
127 129 0.000000000
128 129 0.000000000
129 129 0.000000000
130 129 0.000000000
131 129 0.000000000
132 129 0.000000000
181 129 0.000000000
182 129 0.000000000
183 129 0.000000000
184 129 0.000000000
185 129 0.000000000
186 129 0.000000000
187 129 0.000000000
188 129 0.000000000
127 130 0.000000000
128 130 0.000000000
129 130 0.000000000
130 130 0.000000000
131 130 0.000000000
132 130 0.000000000
133 130 0.000000000
134 130 0.000000000
135 130 0.000000000
181 130 0.000000000
182 130 0.000000000
183 130 0.000000000
184 130 0.000000000
185 130 0.000000000
186 130 0.000000000
187 130 0.000000000
188 130 0.000000000
127 131 0.000000000
128 131 0.000000000
129 131 0.000000000
130 131 0.000000000
131 131 0.000000000
132 131 0.000000000
133 131 0.000000000
134 131 0.000000000
135 131 0.000000000
181 131 0.000000000
182 131 0.000000000
183 131 0.000000000
184 131 0.000000000
185 131 0.000000000
186 131 0.000000000
187 131 0.000000000
188 131 0.000000000
127 132 0.000000000
128 132 0.000000000
129 132 0.000000000
130 132 0.000000000
131 132 0.000000000
132 132 0.000000000
133 132 0.000000000
134 132 0.000000000
135 132 0.000000000
181 132 0.000000000
182 132 0.000000000
183 132 0.000000000
184 132 0.000000000
185 132 0.000000000
186 132 0.000000000
187 132 0.000000000
188 132 0.000000000
130 133 0.000000000
131 133 0.000000000
132 133 0.000000000
133 133 0.000000000
134 133 0.000000000
135 133 0.000000000
136 133 0.000000000
137 133 0.000000000
138 133 0.000000000
181 133 0.000000000
182 133 0.000000000
183 133 0.000000000
184 133 0.000000000
185 133 0.000000000
186 133 0.000000000
187 133 0.000000000
188 133 0.000000000
130 134 0.000000000
131 134 0.000000000
132 134 0.000000000
133 134 0.000000000
134 134 0.000000000
135 134 0.000000000
136 134 0.000000000
137 134 0.000000000
138 134 0.000000000
181 134 0.000000000
182 134 0.000000000
183 134 0.000000000
184 134 0.000000000
185 134 0.000000000
186 134 0.000000000
187 134 0.000000000
188 134 0.000000000
130 135 0.000000000
131 135 0.000000000
132 135 0.000000000
133 135 0.000000000
134 135 0.000000000
135 135 0.000000000
136 135 0.000000000
137 135 0.000000000
138 135 0.000000000
181 135 0.000000000
182 135 0.000000000
183 135 0.000000000
184 135 0.000000000
185 135 0.000000000
186 135 0.000000000
187 135 0.000000000
188 135 0.000000000
133 136 0.000000000
134 136 0.000000000
135 136 0.000000000
136 136 0.000000000
137 136 0.000000000
138 136 0.000000000
139 136 0.000000000
140 136 0.000000000
141 136 0.000000000
181 136 0.000000000
182 136 0.000000000
183 136 0.000000000
184 136 0.000000000
185 136 0.000000000
186 136 0.000000000
187 136 0.000000000
188 136 0.000000000
133 137 0.000000000
134 137 0.000000000
135 137 0.000000000
136 137 0.000000000
137 137 0.000000000
138 137 0.000000000
139 137 0.000000000
140 137 0.000000000
141 137 0.000000000
181 137 0.000000000
182 137 0.000000000
183 137 0.000000000
184 137 0.000000000
185 137 0.000000000
186 137 0.000000000
187 137 0.000000000
188 137 0.000000000
133 138 0.000000000
134 138 0.000000000
135 138 0.000000000
136 138 0.000000000
137 138 0.000000000
138 138 0.000000000
139 138 0.000000000
140 138 0.000000000
141 138 0.000000000
181 138 0.000000000
182 138 0.000000000
183 138 0.000000000
184 138 0.000000000
185 138 0.000000000
186 138 0.000000000
187 138 0.000000000
188 138 0.000000000
136 139 0.000000000
137 139 0.000000000
138 139 0.000000000
139 139 0.000000000
140 139 0.000000000
141 139 0.000000000
142 139 0.000000000
143 139 0.000000000
144 139 0.000000000
181 139 0.000000000
182 139 0.000000000
183 139 0.000000000
184 139 0.000000000
185 139 0.000000000
186 139 0.000000000
187 139 0.000000000
188 139 0.000000000
136 140 0.000000000
137 140 0.000000000
138 140 0.000000000
139 140 0.000000000
140 140 0.000000000
141 140 0.000000000
142 140 0.000000000
143 140 0.000000000
144 140 0.000000000
181 140 0.000000000
182 140 0.000000000
183 140 0.000000000
184 140 0.000000000
185 140 0.000000000
186 140 0.000000000
187 140 0.000000000
188 140 0.000000000
136 141 0.000000000
137 141 0.000000000
138 141 0.000000000
139 141 0.000000000
140 141 0.000000000
141 141 0.000000000
142 141 0.000000000
143 141 0.000000000
144 141 0.000000000
181 141 0.000000000
182 141 0.000000000
183 141 0.000000000
184 141 0.000000000
185 141 0.000000000
186 141 0.000000000
187 141 0.000000000
188 141 0.000000000
139 142 0.000000000
140 142 0.000000000
141 142 0.000000000
142 142 0.000000000
143 142 0.000000000
144 142 0.000000000
145 142 0.000000000
146 142 0.000000000
147 142 0.000000000
181 142 0.000000000
182 142 0.000000000
183 142 0.000000000
184 142 0.000000000
185 142 0.000000000
186 142 0.000000000
187 142 0.000000000
188 142 0.000000000
139 143 0.000000000
140 143 0.000000000
141 143 0.000000000
142 143 0.000000000
143 143 0.000000000
144 143 0.000000000
145 143 0.000000000
146 143 0.000000000
147 143 0.000000000
181 143 0.000000000
182 143 0.000000000
183 143 0.000000000
184 143 0.000000000
185 143 0.000000000
186 143 0.000000000
187 143 0.000000000
188 143 0.000000000
139 144 0.000000000
140 144 0.000000000
141 144 0.000000000
142 144 0.000000000
143 144 0.000000000
144 144 0.000000000
145 144 0.000000000
146 144 0.000000000
147 144 0.000000000
181 144 0.000000000
182 144 0.000000000
183 144 0.000000000
184 144 0.000000000
185 144 0.000000000
186 144 0.000000000
187 144 0.000000000
188 144 0.000000000
142 145 0.000000000
143 145 0.000000000
144 145 0.000000000
145 145 0.000000000
146 145 0.000000000
147 145 0.000000000
148 145 0.000000000
149 145 0.000000000
150 145 0.000000000
181 145 0.000000000
182 145 0.000000000
183 145 0.000000000
184 145 0.000000000
185 145 0.000000000
186 145 0.000000000
187 145 0.000000000
188 145 0.000000000
142 146 0.000000000
143 146 0.000000000
